1,1,1,1,1,1,0,0,0,1,1,1,1,1,1,1,0,0,0,1,1,0,0,0,1,A
1,1,1,0,0,1,0,0,1,0,1,1,1,0,0,1,0,0,1,0,1,1,1,0,0,B
1,1,1,1,1,1,0,0,0,0,1,0,0,0,0,1,0,0,0,0,1,1,1,1,1,C
1,1,1,0,0,1,0,1,0,0,1,0,1,0,0,1,0,1,0,0,1,1,1,0,0,D
1,1,1,1,1,1,0,0,0,0,1,1,1,1,1,1,0,0,0,0,1,1,1,1,1,E
1,1,1,1,1,1,0,0,0,0,1,1,1,1,1,1,0,0,0,0,1,0,0,0,0,F
1,1,1,1,0,1,0,0,0,0,1,0,1,1,0,1,0,0,1,0,1,1,1,1,0,G
1,0,0,0,1,1,0,0,0,1,1,1,1,1,1,1,0,0,0,1,1,0,0,0,1,H
1,0,0,0,0,1,0,0,0,0,1,0,0,0,0,1,0,0,0,0,1,0,0,0,0,I
1,1,1,0,0,0,0,1,0,0,0,0,1,0,0,1,0,1,0,0,1,1,1,0,0,J
1,0,0,1,0,1,0,1,0,0,1,1,0,0,0,1,0,1,0,0,1,0,0,1,0,K
1,0,0,0,0,1,0,0,0,0,1,0,0,0,0,1,0,0,0,0,1,1,1,0,0,L
1,1,0,1,1,1,0,1,0,1,1,0,0,0,1,1,0,0,0,1,1,0,0,0,1,M
1,1,0,0,1,1,1,1,0,1,1,0,1,1,1,1,0,0,1,1,1,0,0,0,1,N
1,1,1,1,1,1,0,0,0,1,1,0,0,0,1,1,0,0,0,1,1,1,1,1,1,O
1,1,1,1,0,1,0,0,1,0,1,1,1,1,0,1,0,0,0,0,1,0,0,0,0,P
1,1,1,1,0,1,0,0,1,0,1,1,1,1,0,1,0,1,0,0,1,0,0,1,0,R
1,1,1,0,0,1,0,0,0,0,1,1,1,0,0,0,0,1,0,0,1,1,1,0,0,S
1,1,1,1,1,0,0,1,0,0,0,0,1,0,0,0,0,1,0,0,0,0,1,0,0,T
1,0,0,1,0,1,0,0,1,0,1,0,0,1,0,1,0,0,1,0,1,1,1,1,0,U